Numerisk integration med trapetsregeln och Richardson-extrapolering

-----------------------------------------------------------------------------------------
     n       |     h    |       T(h)       |       Δ      |   Konv ord.  |   E_trunk    |
-----------------------------------------------------------------------------------------
1.000201e+04 |   1.0000 | 1.0714900384e-02 |          NaN |          NaN |          NaN |
2.000402e+04 |   0.5000 | 1.0715270095e-02 |     3.70e-07 |          NaN | 3.697109e-07 |
4.000804e+04 |   0.2500 | 1.0715433075e-02 |     1.63e-07 |     2.268436 | 1.629806e-07 |
8.001608e+04 |   0.1250 | 1.0715513198e-02 |     8.01e-08 |     2.034127 | 8.012310e-08 |
1.600322e+05 |   0.0625 | 1.0715553175e-02 |     4.00e-08 |     2.004275 | 3.997610e-08 |
3.200643e+05 |   0.0312 | 1.0715573157e-02 |     2.00e-08 |     2.000535 | 1.998270e-08 |
6.401286e+05 |   0.0156 | 1.0715583148e-02 |     9.99e-09 |     2.000074 | 9.990984e-09 |
1.280257e+06 |   0.0078 | 1.0715588144e-02 |     5.00e-09 |     1.999965 | 4.995580e-09 |
2.560515e+06 |   0.0039 | 1.0715590641e-02 |     2.50e-09 |     2.000171 | 2.497577e-09 |
5.121029e+06 |   0.0020 | 1.0715591888e-02 |     1.25e-09 |     2.003633 | 1.246524e-09 |

Totala integralen beräknas till T = 0.010715591887893
